24,28,0.5461362635582295
28,24,0.5461362635582295
3,29,0.5667839354396702
29,3,0.5667839354396702
28,22,0.572954575688389
22,28,0.572954575688389
36,29,0.5774381233068935
29,36,0.5774381233068935
3,7,0.5843261057343637
7,3,0.5843261057343637
24,7,0.5893167824509216
7,24,0.5893167824509216
2,7,0.5926003999121878
7,2,0.5926003999121878
41,29,0.5958593446027581
29,41,0.5958593446027581
7,36,0.5979012487892802
36,7,0.5979012487892802
7,41,0.6005467764545108
41,7,0.6005467764545108
29,22,0.6022335651400973
22,29,0.6022335651400973
7,9,0.6023007968294284
9,7,0.6023007968294284
24,29,0.6091850242644627
29,24,0.6091850242644627
36,28,0.6127373477817648
28,36,0.6127373477817648
28,40,0.6160348801144465
40,28,0.6160348801144465
7,14,0.6162339850667697
14,7,0.6162339850667697
9,3,0.6164218833457267
3,9,0.6164218833457267
29,38,0.6215350358656682
38,29,0.6215350358656682
2,29,0.6248906660138376
29,2,0.6248906660138376
22,5,0.6272132531546688
5,22,0.6272132531546688
6,7,0.6284746054269037
7,6,0.6284746054269037
22,7,0.6285788308016627
7,22,0.6285788308016627
29,42,0.6291869294808058
42,29,0.6291869294808058
40,7,0.6304581542988239
7,40,0.6304581542988239
7,5,0.6325208032781051
5,7,0.6325208032781051
29,14,0.6325336305789916
14,29,0.6325336305789916
28,3,0.6329862905582126
3,28,0.6329862905582126
38,11,0.6348132764790244
11,38,0.6348132764790244
7,42,0.6351657259693279
42,7,0.6351657259693279
24,5,0.636506285320617
5,24,0.636506285320617
3,11,0.6375286851678175
11,3,0.6375286851678175
39,28,0.6399302760540063
28,39,0.6399302760540063
41,28,0.6411678370607365
28,41,0.6411678370607365
5,36,0.6420303945367596
36,5,0.6420303945367596
7,38,0.6432621795122335
38,7,0.6432621795122335
2,28,0.6460233624542535
28,2,0.6460233624542535
16,9,0.648031804184286
9,16,0.648031804184286
13,7,0.6489112022935752
7,13,0.6489112022935752
9,24,0.6491395710311203
24,9,0.6491395710311203
7,8,0.6497839455036223
8,7,0.6497839455036223
5,3,0.6506913019702821
3,5,0.6506913019702821
7,28,0.6512762666500173
28,7,0.6512762666500173
7,4,0.6515546880711061
4,7,0.6515546880711061
6,38,0.6519950599256927
38,6,0.6519950599256927
7,29,0.6525285628580696
29,7,0.6525285628580696
16,29,0.652558998546216
29,16,0.652558998546216
15,7,0.6543570734010167
7,15,0.6543570734010167
41,9,0.6560187498501292
9,41,0.6560187498501292
5,16,0.6576446539236168
16,5,0.6576446539236168
41,5,0.6584280619472408
5,41,0.6584280619472408
7,21,0.6586224390964629
21,7,0.6586224390964629
7,11,0.6588596434099827
11,7,0.6588596434099827
19,7,0.6595999288397456
7,19,0.6595999288397456
25,7,0.6601806159281164
7,25,0.6601806159281164
18,28,0.6605116615851444
28,18,0.6605116615851444
12,29,0.6613960434949934
29,12,0.6613960434949934
28,19,0.6636472052892649
19,28,0.6636472052892649
28,6,0.6646454395566747
6,28,0.6646454395566747
9,2,0.6649673842449982
2,9,0.6649673842449982
22,9,0.6655295918638228
9,22,0.6655295918638228
16,39,0.6674080720971832
39,16,0.6674080720971832
3,39,0.6680876266811732
39,3,0.6680876266811732
7,12,0.6681344831726502
12,7,0.6681344831726502
29,21,0.6693283869494981
21,29,0.6693283869494981
28,42,0.6694924624393853
42,28,0.6694924624393853
38,24,0.67005250925868
24,38,0.67005250925868
34,9,0.6701265030794229
9,34,0.6701265030794229
15,24,0.6708716924391375
24,15,0.6708716924391375
9,28,0.6720993898558634
28,9,0.6720993898558634
6,3,0.6723770825165237
3,6,0.6723770825165237
21,28,0.6724102893254716
28,21,0.6724102893254716
36,11,0.672467065981394
11,36,0.672467065981394
29,18,0.6729330806233761
18,29,0.6729330806233761
29,9,0.673220737244665
9,29,0.673220737244665
31,3,0.6758050575189325
3,31,0.6758050575189325
26,29,0.6762769693713679
29,26,0.6762769693713679
12,9,0.6769196470255855
9,12,0.6769196470255855
7,39,0.6774036353987559
39,7,0.6774036353987559
3,15,0.6777498259636249
15,3,0.6777498259636249
41,15,0.6788676342747407
15,41,0.6788676342747407
24,31,0.6793124099246871
31,24,0.6793124099246871
38,21,0.680616969925956
21,38,0.680616969925956
42,9,0.6812899707406519
9,42,0.6812899707406519
11,14,0.6813568873069922
14,11,0.6813568873069922
5,2,0.6814134680039077
2,5,0.6814134680039077
9,36,0.6819680975098876
36,9,0.6819680975098876
14,9,0.6829108393557469
9,14,0.6829108393557469
11,41,0.6837406089268273
41,11,0.6837406089268273
31,2,0.6841579381246176
2,31,0.6841579381246176
7,31,0.6842879390313317
31,7,0.6842879390313317
15,36,0.6847428759526137
36,15,0.6847428759526137
9,38,0.684927312334475
38,9,0.684927312334475
26,7,0.685561823887632
7,26,0.685561823887632
29,13,0.6868958200691239
13,29,0.6868958200691239
3,22,0.68772771866022
22,3,0.68772771866022
7,35,0.6888242961709784
35,7,0.6888242961709784
40,29,0.6889350347547707
29,40,0.6889350347547707
3,40,0.6891985411914269
40,3,0.6891985411914269
24,34,0.6902868392241887
34,24,0.6902868392241887
23,9,0.6903730779239949
9,23,0.6903730779239949
7,37,0.6905116719995503
37,7,0.6905116719995503
42,5,0.6912908400205278
5,42,0.6912908400205278
39,38,0.6925644962816118
38,39,0.6925644962816118
22,31,0.6933085976079603
31,22,0.6933085976079603
24,35,0.6933817432729319
35,24,0.6933817432729319
7,10,0.6938612178649228
10,7,0.6938612178649228
5,14,0.6939306565572761
14,5,0.6939306565572761
9,10,0.6943168836774871
10,9,0.6943168836774871
7,34,0.6959284160475466
34,7,0.6959284160475466
5,38,0.6960703466182413
38,5,0.6960703466182413
9,15,0.6966156785797896
15,9,0.6966156785797896
7,1,0.696767155561227
1,7,0.696767155561227
7,27,0.6968536389033915
27,7,0.6968536389033915
7,18,0.6976203282365814
18,7,0.6976203282365814
22,38,0.6977374009214037
38,22,0.6977374009214037
40,38,0.6979582547733489
38,40,0.6979582547733489
15,2,0.6982584425092782
2,15,0.6982584425092782
21,39,0.7015420157531054
39,21,0.7015420157531054
9,32,0.7016242281094126
32,9,0.7016242281094126
40,9,0.7017719681683057
9,40,0.7017719681683057
5,40,0.702956973560486
40,5,0.702956973560486
16,6,0.7031809460494162
6,16,0.7031809460494162
42,11,0.7033195580980737
11,42,0.7033195580980737
40,15,0.7037717224670766
15,40,0.7037717224670766
12,5,0.7038071078171065
5,12,0.7038071078171065
10,29,0.7041508383735633
29,10,0.7041508383735633
29,8,0.7046007161504247
8,29,0.7046007161504247
3,14,0.7046226717177054
14,3,0.7046226717177054
16,28,0.7049408873672783
28,16,0.7049408873672783
39,42,0.7050792312869781
42,39,0.7050792312869781
3,34,0.7059514762160158
34,3,0.7059514762160158
27,3,0.7062323549172019
3,27,0.7062323549172019
38,3,0.7066627030475476
3,38,0.7066627030475476
16,7,0.7066804134605269
7,16,0.7066804134605269
15,22,0.7079499664204236
22,15,0.7079499664204236
24,4,0.708446728478031
4,24,0.708446728478031
22,34,0.7085938496868828
34,22,0.7085938496868828
16,14,0.709331685724805
14,16,0.709331685724805
38,19,0.7094000667029087
19,38,0.7094000667029087
31,41,0.7097484374386074
41,31,0.7097484374386074
3,13,0.7097569348612807
13,3,0.7097569348612807
6,12,0.7107335667566225
12,6,0.7107335667566225
11,9,0.7112435632536803
9,11,0.7112435632536803
24,11,0.712117798336205
11,24,0.712117798336205
9,21,0.712728043984855
21,9,0.712728043984855
35,22,0.7129968685007488
22,35,0.7129968685007488
24,6,0.7133057746064995
6,24,0.7133057746064995
3,21,0.7136401375372974
21,3,0.7136401375372974
29,37,0.7140308845121257
37,29,0.7140308845121257
20,29,0.7143739177664391
29,20,0.7143739177664391
7,20,0.7144649295197224
20,7,0.7144649295197224
28,8,0.7146698430756167
8,28,0.7146698430756167
16,31,0.7148210985931935
31,16,0.7148210985931935
15,42,0.7162230544467253
42,15,0.7162230544467253
33,9,0.7163152816758167
9,33,0.7163152816758167
17,9,0.7165059786387052
9,17,0.7165059786387052
4,16,0.7165059986261723
16,4,0.7165059986261723
12,11,0.7166710508304136
11,12,0.7166710508304136
36,34,0.7168763352960241
34,36,0.7168763352960241
7,33,0.7172799971209418
33,7,0.7172799971209418
25,28,0.7176339278512904
28,25,0.7176339278512904
18,5,0.7178052237126225
5,18,0.7178052237126225
11,28,0.718052706228951
28,11,0.718052706228951
0,9,0.718249924538126
9,0,0.718249924538126
15,21,0.7184158167116053
21,15,0.7184158167116053
5,26,0.7185330738959842
26,5,0.7185330738959842
36,31,0.7188168460058978
31,36,0.7188168460058978
5,9,0.7190482538790025
9,5,0.7190482538790025
36,39,0.7194548083482136
39,36,0.7194548083482136
4,21,0.7197743214479394
21,4,0.7197743214479394
41,39,0.7202649766798414
39,41,0.7202649766798414
24,14,0.7202685403255426
14,24,0.7202685403255426
10,24,0.7204080537782486
24,10,0.7204080537782486
29,1,0.7207552076255881
1,29,0.7207552076255881
28,14,0.7208626753409635
14,28,0.7208626753409635
24,30,0.7212195432923223
30,24,0.7212195432923223
6,36,0.7218163660416027
36,6,0.7218163660416027
28,10,0.7220017517012347
10,28,0.7220017517012347
7,0,0.7221113600784815
0,7,0.7221113600784815
14,6,0.7227139264590065
6,14,0.7227139264590065
29,19,0.7233138285833841
19,29,0.7233138285833841
16,15,0.7239714853399699
15,16,0.7239714853399699
41,6,0.7257989607032201
6,41,0.7257989607032201
34,40,0.7260525028056776
40,34,0.7260525028056776
25,29,0.726061738954478
29,25,0.726061738954478
4,29,0.7261249792751011
29,4,0.7261249792751011
0,3,0.7265248655678337
3,0,0.7265248655678337
16,38,0.7269735487084794
38,16,0.7269735487084794
3,35,0.7285615073205787
35,3,0.7285615073205787
3,33,0.7292077881436109
33,3,0.7292077881436109
5,21,0.7292826032960285
21,5,0.7292826032960285
17,7,0.7298245318142694
7,17,0.7298245318142694
11,2,0.7307010214999552
2,11,0.7307010214999552
21,11,0.7310637907884135
11,21,0.7310637907884135
3,19,0.732005584015047
19,3,0.732005584015047
2,39,0.73204637677629
39,2,0.73204637677629
32,7,0.7320840287066134
7,32,0.7320840287066134
35,36,0.732750719591489
36,35,0.732750719591489
14,42,0.7339921417278554
42,14,0.7339921417278554
16,27,0.7340979608684024
27,16,0.7340979608684024
25,3,0.7341535588712726
3,25,0.7341535588712726
24,3,0.7347711658204055
3,24,0.7347711658204055
10,3,0.735272573118203
3,10,0.735272573118203
42,10,0.7352759643418865
10,42,0.7352759643418865
9,30,0.7353197392145068
30,9,0.7353197392145068
7,23,0.7354154849771202
23,7,0.7354154849771202
23,3,0.7356171289348353
3,23,0.7356171289348353
38,31,0.7357985894261805
31,38,0.7357985894261805
6,2,0.7358404968486388
2,6,0.7358404968486388
25,38,0.7363404177436021
38,25,0.7363404177436021
38,42,0.7367856328552117
42,38,0.7367856328552117
14,39,0.7369453528434987
39,14,0.7369453528434987
34,39,0.7369557320546714
39,34,0.7369557320546714
39,24,0.7383241919765731
24,39,0.7383241919765731
30,7,0.738722499813003
7,30,0.738722499813003
14,34,0.7387293666194169
34,14,0.7387293666194169
25,16,0.7389667088024587
16,25,0.7389667088024587
18,9,0.7391384744696945
9,18,0.7391384744696945
23,28,0.7392228966007649
28,23,0.7392228966007649
32,29,0.7393239916944627
29,32,0.7393239916944627
6,34,0.7408095649295561
34,6,0.7408095649295561
12,31,0.7414380190054989
31,12,0.7414380190054989
11,37,0.7418951552357731
37,11,0.7418951552357731
35,40,0.7426940992273923
40,35,0.7426940992273923
12,21,0.7428468299149029
21,12,0.7428468299149029
21,35,0.7433539054396564
35,21,0.7433539054396564
16,11,0.7437607115457947
11,16,0.7437607115457947
6,42,0.7437735749891595
42,6,0.7437735749891595
37,28,0.7439106488249878
28,37,0.7439106488249878
34,2,0.7440397408150372
2,34,0.7440397408150372
42,31,0.7449112671158539
31,42,0.7449112671158539
4,3,0.7449155490302467
3,4,0.7449155490302467
5,32,0.7449694561283667
32,5,0.7449694561283667
22,4,0.7454232198672642
4,22,0.7454232198672642
12,39,0.7456998790399343
39,12,0.7456998790399343
42,3,0.7457239037339075
3,42,0.7457239037339075
31,14,0.7458370289386314
14,31,0.7458370289386314
16,40,0.7459062887970248
40,16,0.7459062887970248
35,41,0.7459398853680471
41,35,0.7459398853680471
31,40,0.7460061290375853
40,31,0.7460061290375853
41,27,0.7462140236355039
27,41,0.7462140236355039
13,5,0.7462546120167354
5,13,0.7462546120167354
24,13,0.7465742442254036
13,24,0.7465742442254036
38,18,0.7467051703384153
18,38,0.7467051703384153
5,10,0.7469530626403709
10,5,0.7469530626403709
26,28,0.7470753143482549
28,26,0.7470753143482549
6,29,0.7470831240201989
29,6,0.7470831240201989
27,24,0.7474973895391941
24,27,0.7474973895391941
16,35,0.7478365989396553
35,16,0.7478365989396553
23,38,0.7483213448041164
38,23,0.7483213448041164
22,6,0.7489994182853484
6,22,0.7489994182853484
5,37,0.7490869972867239
37,5,0.7490869972867239
40,30,0.7495148464977542
30,40,0.7495148464977542
3,26,0.74982341002808
26,3,0.74982341002808
5,8,0.7502874982850515
8,5,0.7502874982850515
30,42,0.7503400039914259
42,30,0.7503400039914259
19,9,0.7506031048552863
9,19,0.7506031048552863
22,11,0.7507152742124198
11,22,0.7507152742124198
1,9,0.7507879517352016
9,1,0.7507879517352016
37,3,0.7508167433439168
3,37,0.7508167433439168
14,22,0.7509694973544061
22,14,0.7509694973544061
13,11,0.7511434946789408
11,13,0.7511434946789408
18,3,0.7516604311717903
3,18,0.7516604311717903
39,9,0.7521116169957629
9,39,0.7521116169957629
16,13,0.7522355001043924
13,16,0.7522355001043924
14,32,0.7523730678648932
32,14,0.7523730678648932
20,9,0.7527279322791383
9,20,0.7527279322791383
30,22,0.7530335058541401
22,30,0.7530335058541401
39,22,0.7530693286763737
22,39,0.7530693286763737
3,30,0.75312945434251
30,3,0.75312945434251
37,9,0.7532164222102324
9,37,0.7532164222102324
14,18,0.7535754691750037
18,14,0.7535754691750037
3,8,0.7541476971877785
8,3,0.7541476971877785
13,39,0.7542408147383464
39,13,0.7542408147383464
36,30,0.7544735439526598
30,36,0.7544735439526598
35,2,0.7545151144940204
2,35,0.7545151144940204
38,33,0.7548196183328885
33,38,0.7548196183328885
24,25,0.7552439352130784
25,24,0.7552439352130784
8,16,0.7555639308621667
16,8,0.7555639308621667
14,33,0.755657582564944
33,14,0.755657582564944
34,41,0.7557959893735569
41,34,0.7557959893735569
27,38,0.7574629625496818
38,27,0.7574629625496818
9,25,0.7578763243783428
25,9,0.7578763243783428
35,9,0.7579502385794739
9,35,0.7579502385794739
28,32,0.7580421071624761
32,28,0.7580421071624761
15,39,0.7583448918375737
39,15,0.7583448918375737
36,27,0.7586833597290823
27,36,0.7586833597290823
6,23,0.7587158479743182
23,6,0.7587158479743182
32,39,0.7592172883617818
39,32,0.7592172883617818
39,29,0.7600073866778821
29,39,0.7600073866778821
29,27,0.7600635155833358
27,29,0.7600635155833358
10,21,0.7600644847583586
21,10,0.7600644847583586
38,32,0.7606398760900402
32,38,0.7606398760900402
29,17,0.7611956171298276
17,29,0.7611956171298276
38,2,0.7613542705509769
2,38,0.7613542705509769
34,21,0.7616537356412044
21,34,0.7616537356412044
16,37,0.7619083257271554
37,16,0.7619083257271554
8,9,0.7621284516871661
9,8,0.7621284516871661
1,28,0.7625799084278547
28,1,0.7625799084278547
24,12,0.7628157791789513
12,24,0.7628157791789513
40,11,0.7629237386578885
11,40,0.7629237386578885
4,11,0.7630615525820252
11,4,0.7630615525820252
3,20,0.7631482059018365
20,3,0.7631482059018365
18,15,0.7633633446656645
15,18,0.7633633446656645
38,0,0.7642362906182357
0,38,0.7642362906182357
17,38,0.7642677612587748
38,17,0.7642677612587748
5,17,0.7647185923304851
17,5,0.7647185923304851
33,24,0.7650729626269785
24,33,0.7650729626269785
32,3,0.7652638429641268
3,32,0.7652638429641268
24,17,0.7654913779819416
17,24,0.7654913779819416
11,18,0.7657725533616437
18,11,0.7657725533616437
39,17,0.7658137428086558
17,39,0.7658137428086558
13,40,0.7659683736569863
40,13,0.7659683736569863
36,23,0.7661092884480862
23,36,0.7661092884480862
30,6,0.7661867984957125
6,30,0.7661867984957125
14,21,0.766306900871272
21,14,0.766306900871272
37,24,0.7663165987658701
24,37,0.7663165987658701
24,26,0.7664392448022908
26,24,0.7664392448022908
27,22,0.7668665054379284
22,27,0.7668665054379284
23,22,0.7669380754070692
22,23,0.7669380754070692
38,34,0.7669881522756327
34,38,0.7669881522756327
6,18,0.7673593101040794
18,6,0.7673593101040794
21,23,0.7673676054696384
23,21,0.7673676054696384
42,34,0.7679240535761163
34,42,0.7679240535761163
4,28,0.7679706151973641
28,4,0.7679706151973641
42,27,0.7682071923776136
27,42,0.7682071923776136
2,14,0.7683191197766379
14,2,0.7683191197766379
19,35,0.7687464139555518
35,19,0.7687464139555518
21,8,0.7688235783744518
8,21,0.7688235783744518
17,3,0.7689107771348427
3,17,0.7689107771348427
34,18,0.7690043623262633
18,34,0.7690043623262633
24,20,0.7692102717531989
20,24,0.7692102717531989
6,21,0.769261621032961
21,6,0.769261621032961
32,31,0.7693889872714501
31,32,0.7693889872714501
31,39,0.7695921199988216
39,31,0.7695921199988216
5,39,0.7698114700832371
39,5,0.7698114700832371
41,14,0.7698274631326608
14,41,0.7698274631326608
41,3,0.7699810052661321
3,41,0.7699810052661321
23,15,0.7699876771095067
15,23,0.7699876771095067
30,21,0.7703476021950559
21,30,0.7703476021950559
36,3,0.7705007426887602
3,36,0.7705007426887602
42,8,0.7708075074748255
8,42,0.7708075074748255
34,19,0.7711776245488847
19,34,0.7711776245488847
41,30,0.7714064877015566
30,41,0.7714064877015566
15,6,0.7714173592352281
6,15,0.7714173592352281
23,41,0.7716624585462772
41,23,0.7716624585462772
14,17,0.7721592817595614
17,14,0.7721592817595614
23,39,0.7723167148651161
39,23,0.7723167148651161
14,19,0.7723456885742093
19,14,0.7723456885742093
41,21,0.7726946469574205
21,41,0.7726946469574205
40,23,0.7728345708418025
23,40,0.7728345708418025
27,14,0.7729680665175824
14,27,0.7729680665175824
10,36,0.7729955305061638
36,10,0.7729955305061638
30,2,0.773372010282898
2,30,0.773372010282898
10,31,0.7735216134633078
31,10,0.7735216134633078
2,4,0.7735748257839953
4,2,0.7735748257839953
39,33,0.7738940877744606
33,39,0.7738940877744606
14,35,0.7740213564493529
35,14,0.7740213564493529
13,23,0.7741282974051013
23,13,0.7741282974051013
14,23,0.774140691688071
23,14,0.774140691688071
41,25,0.7743111702016027
25,41,0.7743111702016027
2,10,0.7744787613731345
10,2,0.7744787613731345
40,17,0.7746504079060318
17,40,0.7746504079060318
26,9,0.7747523390932908
9,26,0.7747523390932908
35,18,0.7749076935301906
18,35,0.7749076935301906
16,10,0.7754989019882208
10,16,0.7754989019882208
23,11,0.7756882348105258
11,23,0.7756882348105258
6,35,0.7760344239958157
35,6,0.7760344239958157
14,36,0.7761696049282701
36,14,0.7761696049282701
22,12,0.7764534209435783
12,22,0.7764534209435783
11,26,0.7764957126160217
26,11,0.7764957126160217
14,15,0.7766033355533629
15,14,0.7766033355533629
42,23,0.7766099093269406
23,42,0.7766099093269406
36,16,0.7767595839477222
16,36,0.7767595839477222
25,42,0.7768960605734828
42,25,0.7768960605734828
31,11,0.7769772376743298
11,31,0.7769772376743298
19,12,0.7770701362819682
12,19,0.7770701362819682
36,38,0.7771748280883071
38,36,0.7771748280883071
10,37,0.7771885716897114
37,10,0.7771885716897114
28,12,0.7775581170896195
12,28,0.7775581170896195
36,13,0.7776426957434729
13,36,0.7776426957434729
38,15,0.7778904585915891
15,38,0.7778904585915891
3,16,0.7780622699627756
16,3,0.7780622699627756
40,27,0.7782834508909294
27,40,0.7782834508909294
5,25,0.7782896051546714
25,5,0.7782896051546714
38,37,0.778418079409178
37,38,0.778418079409178
14,10,0.778727075924523
10,14,0.778727075924523
11,15,0.7788067692791795
15,11,0.7788067692791795
32,6,0.779030122927301
6,32,0.779030122927301
5,19,0.7791200406391988
19,5,0.7791200406391988
6,9,0.7795791573375264
9,6,0.7795791573375264
1,39,0.77979947363683
39,1,0.77979947363683
17,6,0.7798089970763449
6,17,0.7798089970763449
4,36,0.7798296455508815
36,4,0.7798296455508815
38,1,0.7802008313953518
1,38,0.7802008313953518
30,29,0.7803294296764379
29,30,0.7803294296764379
10,38,0.7803656020628016
38,10,0.7803656020628016
2,23,0.7804501677653354
23,2,0.7804501677653354
40,10,0.780546915498903
10,40,0.780546915498903
39,20,0.7805664342246845
20,39,0.7805664342246845
4,42,0.7807489473378155
42,4,0.7807489473378155
24,41,0.7810929910358473
41,24,0.7810929910358473
1,3,0.7810973918670837
3,1,0.7810973918670837
34,8,0.7811680922373809
8,34,0.7811680922373809
28,20,0.7811698960165552
20,28,0.7811698960165552
28,17,0.7812928116738844
17,28,0.7812928116738844
15,29,0.7813772042272062
29,15,0.7813772042272062
0,39,0.7815158921143118
39,0,0.7815158921143118
13,22,0.7815243614689911
22,13,0.7815243614689911
23,10,0.7818098987149763
10,23,0.7818098987149763
30,39,0.781911924479925
39,30,0.781911924479925
10,39,0.7819648438678847
39,10,0.7819648438678847
31,26,0.7824264599580242
26,31,0.7824264599580242
20,5,0.7825859416350247
5,20,0.7825859416350247
29,0,0.7827489379003796
0,29,0.7827489379003796
41,38,0.7831591649815092
38,41,0.7831591649815092
28,29,0.7832452073442897
29,28,0.7832452073442897
34,4,0.783492517967864
4,34,0.783492517967864
18,21,0.7838385432339243
21,18,0.7838385432339243
0,28,0.783853637600416
28,0,0.783853637600416
26,16,0.7839475736987963
16,26,0.7839475736987963
24,19,0.7841535786151262
19,24,0.7841535786151262
31,8,0.7843393386751641
8,31,0.7843393386751641
2,18,0.7843486847742697
18,2,0.7843486847742697
0,14,0.7845444897658022
14,0,0.7845444897658022
21,22,0.7845612540357281
22,21,0.7845612540357281
24,23,0.7846033595546853
23,24,0.7846033595546853
40,12,0.784998751723071
12,40,0.784998751723071
2,27,0.7851281985830297
27,2,0.7851281985830297
25,2,0.78515866632215
2,25,0.78515866632215
25,21,0.7851976889000865
21,25,0.7851976889000865
27,9,0.7852218906780538
9,27,0.7852218906780538
0,5,0.7853973792448578
5,0,0.7853973792448578
18,36,0.7856508984991855
36,18,0.7856508984991855
18,16,0.7856966926842277
16,18,0.7856966926842277
21,26,0.7857155055069837
26,21,0.7857155055069837
42,17,0.7857569210869653
17,42,0.7857569210869653
28,13,0.7859859454658413
13,28,0.7859859454658413
15,19,0.7860349129975216
19,15,0.7860349129975216
25,34,0.7865627171228352
34,25,0.7865627171228352
1,24,0.7867501945353971
24,1,0.7867501945353971
42,35,0.786960280114683
35,42,0.786960280114683
4,9,0.7872457609214281
9,4,0.7872457609214281
37,41,0.7872549387468794
41,37,0.7872549387468794
32,37,0.7872778408494036
37,32,0.7872778408494036
9,31,0.7874505189726915
31,9,0.7874505189726915
13,21,0.7875769439957605
21,13,0.7875769439957605
6,0,0.7875862198187162
0,6,0.7875862198187162
20,38,0.7878808941440932
38,20,0.7878808941440932
41,13,0.7879369689513387
13,41,0.7879369689513387
5,1,0.7883369331748574
1,5,0.7883369331748574
12,18,0.7884991731616942
18,12,0.7884991731616942
39,19,0.788609774701243
19,39,0.788609774701243
17,41,0.7886183276274407
41,17,0.7886183276274407
9,13,0.7886470904457709
13,9,0.7886470904457709
16,41,0.7887219877038373
41,16,0.7887219877038373
0,36,0.788763393520126
36,0,0.788763393520126
12,15,0.7887906894689519
15,12,0.7887906894689519
29,23,0.788877602397194
23,29,0.788877602397194
23,4,0.7888828807317068
4,23,0.7888828807317068
18,27,0.7891880530479399
27,18,0.7891880530479399
17,2,0.7892227516391996
2,17,0.7892227516391996
22,33,0.7893119394061939
33,22,0.7893119394061939
41,18,0.7893783055686157
18,41,0.7893783055686157
32,41,0.7894568080090151
41,32,0.7894568080090151
30,11,0.78952784282589
11,30,0.78952784282589
24,32,0.7897470571075746
32,24,0.7897470571075746
16,21,0.7897793210318387
21,16,0.7897793210318387
22,37,0.790012325146333
37,22,0.790012325146333
15,37,0.7902726476248404
37,15,0.7902726476248404
25,23,0.7903060884661314
23,25,0.7903060884661314
20,11,0.790308330128003
11,20,0.790308330128003
21,32,0.7903199501645282
32,21,0.7903199501645282
28,27,0.7904473695497519
27,28,0.7904473695497519
19,16,0.7906171861877932
16,19,0.7906171861877932
18,31,0.7906320074936074
31,18,0.7906320074936074
23,16,0.7906551328529222
16,23,0.7906551328529222
38,26,0.7906734641732004
26,38,0.7906734641732004
18,24,0.7906962705616355
24,18,0.7906962705616355
42,13,0.7908897161700605
13,42,0.7908897161700605
17,11,0.7909511666365854
11,17,0.7909511666365854
22,41,0.7921833484691321
41,22,0.7921833484691321
5,27,0.7922959452657311
27,5,0.7922959452657311
3,2,0.7925282220275696
2,3,0.7925282220275696
31,19,0.7931722333876601
19,31,0.7931722333876601
42,18,0.793621353292744
18,42,0.793621353292744
21,36,0.793685866543505
36,21,0.793685866543505
19,36,0.7936905651424335
36,19,0.7936905651424335
11,5,0.7938502991810713
5,11,0.7938502991810713
34,13,0.7941463186554132
13,34,0.7941463186554132
18,37,0.7944958109629146
37,18,0.7944958109629146
5,28,0.7945104789569436
28,5,0.7945104789569436
6,5,0.7945583413914858
5,6,0.7945583413914858
1,22,0.7945784620655301
22,1,0.7945784620655301
3,12,0.7950648752917766
12,3,0.7950648752917766
33,40,0.7951081307273924
40,33,0.7951081307273924
41,19,0.795334442657141
19,41,0.795334442657141
21,17,0.7953961051159414
17,21,0.7953961051159414
8,41,0.7960347376771923
41,8,0.7960347376771923
29,33,0.7960577383945325
33,29,0.7960577383945325
13,2,0.796352402453379
2,13,0.796352402453379
27,12,0.796354210703619
12,27,0.796354210703619
30,16,0.7965537626443421
16,30,0.7965537626443421
11,34,0.7966663940328875
34,11,0.7966663940328875
11,8,0.7968527298392596
8,11,0.7968527298392596
40,32,0.7969036325897616
32,40,0.7969036325897616
29,35,0.7969946931613027
35,29,0.7969946931613027
34,10,0.7971745830544135
10,34,0.7971745830544135
28,38,0.7974363599497678
38,28,0.7974363599497678
41,0,0.7974723557750548
0,41,0.7974723557750548
28,33,0.7979792563835496
33,28,0.7979792563835496
22,17,0.7982051679578963
17,22,0.7982051679578963
37,6,0.7983338872120261
6,37,0.7983338872120261
24,0,0.7983508749264185
0,24,0.7983508749264185
31,21,0.7984741429728311
21,31,0.7984741429728311
20,41,0.7987533784076654
41,20,0.7987533784076654
11,25,0.7989824523796945
25,11,0.7989824523796945
37,33,0.7992061718652115
33,37,0.7992061718652115
1,11,0.7993488249127219
11,1,0.7993488249127219
4,40,0.7993713397885901
40,4,0.7993713397885901
17,36,0.7997224556489212
36,17,0.7997224556489212
22,18,0.7998032587350514
18,22,0.7998032587350514
4,14,0.7999602587277674
14,4,0.7999602587277674
2,37,0.7999948726814303
37,2,0.7999948726814303
34,5,0.8000362227134722
5,34,0.8000362227134722
21,37,0.8003491406940565
37,21,0.8003491406940565
21,33,0.8003782624586646
33,21,0.8003782624586646
10,6,0.8004921310579727
6,10,0.8004921310579727
16,34,0.8004930474487484
34,16,0.8004930474487484
26,36,0.8005080211692901
36,26,0.8005080211692901
35,39,0.8008952061625392
39,35,0.8008952061625392
0,4,0.8009034092253599
4,0,0.8009034092253599
14,40,0.8009891879588846
40,14,0.8009891879588846
37,34,0.8011220872032605
34,37,0.8011220872032605
26,40,0.8016741875183085
40,26,0.8016741875183085
23,35,0.8017863719145605
35,23,0.8017863719145605
41,4,0.8020000046044743
4,41,0.8020000046044743
24,21,0.8022189027290859
21,24,0.8022189027290859
25,14,0.8024943528963585
14,25,0.8024943528963585
36,32,0.8025332834231723
32,36,0.8025332834231723
10,22,0.802701123948463
22,10,0.802701123948463
18,13,0.8027282334723769
13,18,0.8027282334723769
28,31,0.8028774327935433
31,28,0.8028774327935433
15,27,0.8029754449383896
27,15,0.8029754449383896
16,12,0.8030344721730193
12,16,0.8030344721730193
23,5,0.8030644052394216
5,23,0.8030644052394216
20,40,0.8032856843085915
40,20,0.8032856843085915
26,42,0.8035729979758277
42,26,0.8035729979758277
35,11,0.8036874588336582
11,35,0.8036874588336582
16,1,0.8038321738573091
1,16,0.8038321738573091
4,32,0.803845151566923
32,4,0.803845151566923
36,33,0.8039558992428648
33,36,0.8039558992428648
42,22,0.804294012702344
22,42,0.804294012702344
26,6,0.8045792269082851
6,26,0.8045792269082851
24,16,0.8046597417500838
16,24,0.8046597417500838
38,35,0.8047151026560585
35,38,0.8047151026560585
37,36,0.8047445344952061
36,37,0.8047445344952061
30,19,0.8051807336679945
19,30,0.8051807336679945
41,10,0.8052082580362224
10,41,0.8052082580362224
14,30,0.8053898753633082
30,14,0.8053898753633082
32,15,0.8056184076355636
15,32,0.8056184076355636
8,24,0.8057522594029999
24,8,0.8057522594029999
22,25,0.8058366595514987
25,22,0.8058366595514987
33,18,0.8058643647596193
18,33,0.8058643647596193
31,13,0.8062817713682288
13,31,0.8062817713682288
13,19,0.8064651422019815
19,13,0.8064651422019815
39,37,0.806512753336872
37,39,0.806512753336872
19,37,0.8065386975386762
37,19,0.8065386975386762
8,15,0.8065789893775842
15,8,0.8065789893775842
2,26,0.8066703347364343
26,2,0.8066703347364343
15,1,0.8075963025904596
1,15,0.8075963025904596
37,17,0.807655297228075
17,37,0.807655297228075
23,37,0.8078563355841253
37,23,0.8078563355841253
4,5,0.8080880156352168
5,4,0.8080880156352168
18,0,0.8081125930075413
0,18,0.8081125930075413
34,27,0.8081232498389656
27,34,0.8081232498389656
40,18,0.8082483369609822
18,40,0.8082483369609822
26,22,0.8085154075216161
22,26,0.8085154075216161
21,40,0.8087310132858672
40,21,0.8087310132858672
37,42,0.8094232739521111
42,37,0.8094232739521111
12,14,0.809464309885967
14,12,0.809464309885967
33,5,0.809516717508145
5,33,0.809516717508145
6,40,0.8097868807674634
40,6,0.8097868807674634
27,21,0.8098496493245745
21,27,0.8098496493245745
22,16,0.8099397926130862
16,22,0.8099397926130862
12,42,0.8101414577920463
42,12,0.8101414577920463
23,8,0.810186360957554
8,23,0.810186360957554
26,39,0.8105279719959512
39,26,0.8105279719959512
36,25,0.8107312384548925
25,36,0.8107312384548925
14,13,0.8107849696940257
13,14,0.8107849696940257
26,15,0.810905869438711
15,26,0.810905869438711
18,39,0.810974820952279
39,18,0.810974820952279
12,23,0.8110968734725092
23,12,0.8110968734725092
6,20,0.8111134662549206
20,6,0.8111134662549206
18,23,0.8113632458880223
23,18,0.8113632458880223
19,42,0.8115991089934587
42,19,0.8115991089934587
38,14,0.8117390944906442
14,38,0.8117390944906442
20,36,0.8118025924804906
36,20,0.8118025924804906
27,10,0.8120615988805043
10,27,0.8120615988805043
6,8,0.8122046708203376
8,6,0.8122046708203376
19,27,0.812721433494992
27,19,0.812721433494992
8,33,0.8128812024951121
33,8,0.8128812024951121
23,31,0.8131568901509286
31,23,0.8131568901509286
1,6,0.8136375334986607
6,1,0.8136375334986607
13,6,0.8140690403630314
6,13,0.8140690403630314
13,37,0.8141861629701419
37,13,0.8141861629701419
37,30,0.8142842415310347
30,37,0.8142842415310347
2,21,0.814384598495143
21,2,0.814384598495143
22,20,0.8146891567504664
20,22,0.8146891567504664
25,31,0.8151053305412194
31,25,0.8151053305412194
4,18,0.8152602311347691
18,4,0.8152602311347691
29,34,0.8156048962529117
34,29,0.8156048962529117
35,10,0.8157431196783846
10,35,0.8157431196783846
6,4,0.8158391909063396
4,6,0.8158391909063396
12,34,0.8159983401683885
34,12,0.8159983401683885
0,22,0.8162278982269324
22,0,0.8162278982269324
19,23,0.8164544157464971
23,19,0.8164544157464971
27,39,0.8166251614681017
39,27,0.8166251614681017
22,32,0.8173417624244175
32,22,0.8173417624244175
17,4,0.8173481465128892
4,17,0.8173481465128892
11,6,0.817455321264763
6,11,0.817455321264763
13,12,0.8174748393068929
12,13,0.8174748393068929
27,23,0.817564705223503
23,27,0.817564705223503
2,19,0.8176417130712647
19,2,0.8176417130712647
25,13,0.8182587045306569
13,25,0.8182587045306569
1,41,0.8182625600592196
41,1,0.8182625600592196
31,37,0.8182809698675838
37,31,0.8182809698675838
11,10,0.8184306782500769
10,11,0.8184306782500769
13,15,0.8186997155103913
15,13,0.8186997155103913
0,40,0.8189164643291166
40,0,0.8189164643291166
14,20,0.8192235068620775
20,14,0.8192235068620775
39,11,0.819228009391847
11,39,0.819228009391847
31,0,0.819259848430378
0,31,0.819259848430378
16,20,0.8192882747709026
20,16,0.8192882747709026
19,11,0.819386462395113
11,19,0.819386462395113
21,20,0.8196017368871962
20,21,0.8196017368871962
19,22,0.8199258203423017
22,19,0.8199258203423017
33,15,0.8199356677945767
15,33,0.8199356677945767
31,15,0.8201998314134932
15,31,0.8201998314134932
19,4,0.8206709896064407
4,19,0.8206709896064407
13,17,0.8206788028017921
17,13,0.8206788028017921
31,29,0.820995097511379
29,31,0.820995097511379
30,18,0.8213611538073234
18,30,0.8213611538073234
23,20,0.8213941992807933
20,23,0.8213941992807933
34,26,0.8219905670735805
26,34,0.8219905670735805
10,15,0.8220582759468663
15,10,0.8220582759468663
40,41,0.8221935204570414
41,40,0.8221935204570414
40,24,0.822391581286134
24,40,0.822391581286134
0,15,0.8225246130887678
15,0,0.8225246130887678
11,27,0.8225821038030031
27,11,0.8225821038030031
36,1,0.8229124409367577
1,36,0.8229124409367577
32,42,0.82307785050992
42,32,0.82307785050992
20,42,0.8231059836773725
42,20,0.8231059836773725
33,6,0.823117586132406
6,33,0.823117586132406
5,30,0.8238390981236681
30,5,0.8238390981236681
41,33,0.824034031506876
33,41,0.824034031506876
2,33,0.8240880038141866
33,2,0.8240880038141866
13,32,0.8243120362848295
32,13,0.8243120362848295
12,2,0.8248204211759755
2,12,0.8248204211759755
12,10,0.824965361347636
10,12,0.824965361347636
31,20,0.825018362124355
20,31,0.825018362124355
23,0,0.8251094444772104
0,23,0.8251094444772104
15,17,0.8251145172464813
17,15,0.8251145172464813
12,37,0.8254632683690419
37,12,0.8254632683690419
15,5,0.8259744802186625
5,15,0.8259744802186625
26,41,0.8261232512938611
41,26,0.8261232512938611
27,32,0.8264263545130968
32,27,0.8264263545130968
2,20,0.8265910666803353
20,2,0.8265910666803353
22,40,0.8271267468456021
40,22,0.8271267468456021
31,33,0.8272425883296055
33,31,0.8272425883296055
15,25,0.8276937072621798
25,15,0.8276937072621798
12,4,0.8277281799215654
4,12,0.8277281799215654
41,42,0.8278395172000761
42,41,0.8278395172000761
39,6,0.827934198529589
6,39,0.827934198529589
6,31,0.8279852479739036
31,6,0.8279852479739036
18,10,0.828402702478922
10,18,0.828402702478922
21,0,0.8289586650524026
0,21,0.8289586650524026
1,17,0.8290857263725219
17,1,0.8290857263725219
34,31,0.8291268157390902
31,34,0.8291268157390902
1,2,0.829137721514313
2,1,0.829137721514313
34,20,0.8295344361949178
20,34,0.8295344361949178
40,39,0.8297395924500063
39,40,0.8297395924500063
26,14,0.8300747869906986
14,26,0.8300747869906986
13,27,0.8302172977015868
27,13,0.8302172977015868
26,19,0.8305062316614553
19,26,0.8305062316614553
2,32,0.8305777021767881
32,2,0.8305777021767881
4,15,0.8307683852516397
15,4,0.8307683852516397
17,19,0.8313597524035339
19,17,0.8313597524035339
22,8,0.8313808433911521
8,22,0.8313808433911521
42,0,0.8313911068168498
0,42,0.8313911068168498
2,40,0.8314684095296705
40,2,0.8314684095296705
8,36,0.8316403196397237
36,8,0.8316403196397237
13,33,0.831738245242802
33,13,0.831738245242802
42,33,0.8317778808423533
33,42,0.8317778808423533
17,27,0.8319928853887663
27,17,0.8319928853887663
19,21,0.8320834045535821
21,19,0.8320834045535821
19,33,0.8320925016256403
33,19,0.8320925016256403
19,0,0.8320965062915175
0,19,0.8320965062915175
35,8,0.8322769561063693
8,35,0.8322769561063693
35,17,0.832408329647611
17,35,0.832408329647611
8,40,0.8324391434277635
40,8,0.8324391434277635
13,0,0.8325152724573153
0,13,0.8325152724573153
32,35,0.8327644917385533
35,32,0.8327644917385533
35,5,0.8327795181639743
5,35,0.8327795181639743
12,33,0.8327811897087734
33,12,0.8327811897087734
0,12,0.8328537022173915
12,0,0.8328537022173915
0,8,0.8330032486347542
8,0,0.8330032486347542
16,42,0.8330956204778213
42,16,0.8330956204778213
42,40,0.8331347490960159
40,42,0.8331347490960159
4,10,0.8331404469454113
10,4,0.8331404469454113
13,38,0.8333754337065736
38,13,0.8333754337065736
25,12,0.8334500721501744
12,25,0.8334500721501744
18,25,0.8335581965001138
25,18,0.8335581965001138
1,14,0.8337949766864359
14,1,0.8337949766864359
4,20,0.8338003217906449
20,4,0.8338003217906449
38,8,0.8340146414057085
8,38,0.8340146414057085
27,37,0.83420349815374
37,27,0.83420349815374
30,28,0.8342535042536471
28,30,0.8342535042536471
33,4,0.8345974584215112
4,33,0.8345974584215112
21,42,0.8347337348760545
42,21,0.8347337348760545
30,31,0.8348026040381029
31,30,0.8348026040381029
30,12,0.8353669707865685
12,30,0.8353669707865685
34,17,0.8359870283535057
17,34,0.8359870283535057
18,8,0.8360776420987631
8,18,0.8360776420987631
6,27,0.8361728840564001
27,6,0.8361728840564001
30,38,0.8362344926622579
38,30,0.8362344926622579
13,10,0.8362464282690116
10,13,0.8362464282690116
10,1,0.8362980110035433
1,10,0.8362980110035433
12,20,0.8367349447704477
20,12,0.8367349447704477
17,26,0.8367842408032865
26,17,0.8367842408032865
19,8,0.8368156766127631
8,19,0.8368156766127631
33,23,0.8368366408465158
23,33,0.8368366408465158
10,26,0.837107680518518
26,10,0.837107680518518
19,6,0.8377343213105547
6,19,0.8377343213105547
32,8,0.837757056773245
8,32,0.837757056773245
17,23,0.8381127032590653
23,17,0.8381127032590653
4,31,0.8381374176554464
31,4,0.8381374176554464
42,24,0.838454499244977
24,42,0.838454499244977
30,33,0.8385488006509606
33,30,0.8385488006509606
32,25,0.8386953068657356
25,32,0.8386953068657356
32,12,0.8388781224086811
12,32,0.8388781224086811
26,18,0.8394924759390427
18,26,0.8394924759390427
4,39,0.8396661200285912
39,4,0.8396661200285912
34,23,0.8397528352368344
23,34,0.8397528352368344
27,30,0.8397831097369588
30,27,0.8397831097369588
18,1,0.8398441640024957
1,18,0.8398441640024957
1,12,0.8398764736987057
12,1,0.8398764736987057
11,29,0.8399243879690413
29,11,0.8399243879690413
40,36,0.8401054503595317
36,40,0.8401054503595317
12,17,0.8401370704492773
17,12,0.8401370704492773
13,4,0.8401437875284465
4,13,0.8401437875284465
35,13,0.8405790900094484
13,35,0.8405790900094484
19,10,0.8406285139190685
10,19,0.8406285139190685
27,26,0.8407400573259661
26,27,0.8407400573259661
36,42,0.8408946887863435
42,36,0.8408946887863435
0,27,0.8409544267643313
27,0,0.8409544267643313
15,34,0.840982442760488
34,15,0.840982442760488
22,36,0.8411454538382158
36,22,0.8411454538382158
19,40,0.8412023907599679
40,19,0.8412023907599679
12,38,0.8415381845790123
38,12,0.8415381845790123
37,4,0.8415990298884568
4,37,0.8415990298884568
26,0,0.841953414051323
0,26,0.841953414051323
1,13,0.8419570995699904
13,1,0.8419570995699904
10,0,0.841992168343727
0,10,0.841992168343727
12,36,0.8425737062261202
36,12,0.8425737062261202
1,30,0.8425898526892238
30,1,0.8425898526892238
1,4,0.8429016203948523
4,1,0.8429016203948523
34,28,0.8429111412640885
28,34,0.8429111412640885
2,8,0.8431410316711249
8,2,0.8431410316711249
1,23,0.8431800618996415
23,1,0.8431800618996415
25,35,0.8433488048770892
35,25,0.8433488048770892
15,28,0.8435154782183281
28,15,0.8435154782183281
30,34,0.8436232928884454
34,30,0.8436232928884454
25,17,0.8436637308531575
17,25,0.8436637308531575
26,23,0.8439747238568894
23,26,0.8439747238568894
0,2,0.844086611732921
2,0,0.844086611732921
35,26,0.8446191462115253
26,35,0.8446191462115253
0,37,0.8451495608713824
37,0,0.8451495608713824
35,37,0.8451509726151474
37,35,0.8451509726151474
26,4,0.8451835582408307
4,26,0.8451835582408307
27,33,0.8452419996279442
33,27,0.8452419996279442
36,41,0.845438909492696
41,36,0.845438909492696
30,13,0.845559438720166
13,30,0.845559438720166
8,1,0.8456152264711645
1,8,0.8456152264711645
40,25,0.8457038081927858
25,40,0.8457038081927858
30,23,0.8457112116257928
23,30,0.8457112116257928
18,32,0.8458725125493148
32,18,0.8458725125493148
31,1,0.8460298015304077
1,31,0.8460298015304077
17,8,0.8461441589742182
8,17,0.8461441589742182
32,34,0.8463398583748825
34,32,0.8463398583748825
26,33,0.8467198636997731
33,26,0.8467198636997731
30,25,0.8469041944184336
25,30,0.8469041944184336
10,17,0.8470433852495423
17,10,0.8470433852495423
0,11,0.8470830240526791
11,0,0.8470830240526791
26,30,0.8471430032262229
30,26,0.8471430032262229
0,34,0.8471439426965801
34,0,0.8471439426965801
25,6,0.847256944395771
6,25,0.847256944395771
12,35,0.8475858773752067
35,12,0.8475858773752067
8,39,0.8480074997787255
39,8,0.8480074997787255
33,16,0.8481026759499349
16,33,0.8481026759499349
16,17,0.8487935440995782
17,16,0.8487935440995782
26,32,0.8488530142831353
32,26,0.8488530142831353
18,17,0.8491013002883169
17,18,0.8491013002883169
31,27,0.8491320359680284
27,31,0.8491320359680284
1,40,0.8495099435036514
40,1,0.8495099435036514
38,4,0.8496483308651231
4,38,0.8496483308651231
10,33,0.8497318385942344
33,10,0.8497318385942344
20,30,0.849938662402018
30,20,0.849938662402018
14,8,0.8504726937234998
8,14,0.8504726937234998
20,19,0.8507353750753295
19,20,0.8507353750753295
32,23,0.8509529809751916
23,32,0.8509529809751916
33,25,0.8511489218600231
25,33,0.8511489218600231
4,27,0.8512718288756986
27,4,0.8512718288756986
37,20,0.852213352372489
20,37,0.852213352372489
0,25,0.8525519627222239
25,0,0.8525519627222239
8,37,0.8526545482379895
37,8,0.8526545482379895
0,17,0.8527739135487848
17,0,0.8527739135487848
8,12,0.8531826423037856
12,8,0.8531826423037856
15,30,0.8534544110321838
30,15,0.8534544110321838
